[1] "2020-05-30 16:22:58"
$shared_settings
list()

$models
list()

$model_fits
list()

attr(,"class")
[1] "model_grid"
$svmRadial_5
$svmRadial_5$method
[1] "svmRadial"

$svmRadial_5$tuneGrid
   sigma   C
1  0.001   1
2  0.010   1
3  0.100   1
4  0.500   1
5  1.000   1
6  0.001  20
7  0.010  20
8  0.100  20
9  0.500  20
10 1.000  20
11 0.001  50
12 0.010  50
13 0.100  50
14 0.500  50
15 1.000  50
16 0.001 100
17 0.010 100
18 0.100 100
19 0.500 100
20 1.000 100
21 0.001 200
22 0.010 200
23 0.100 200
24 0.500 200
25 1.000 200
26 0.001 500
27 0.010 500
28 0.100 500
29 0.500 500
30 1.000 500
31 0.001 700
32 0.010 700
33 0.100 700
34 0.500 700
35 1.000 700


[1] "2020-05-30 16:42:49"
$svmRadial_5
Support Vector Machines with Radial Basis Function Kernel 

3191 samples
  23 predictor
   2 classes: '0', '1' 

No pre-processing
Resampling: Cross-Validated (5 fold, repeated 8 times) 
Summary of sample sizes: 2553, 2553, 2552, 2553, 2553, 2553, ... 
Resampling results across tuning parameters:

  sigma  C    Accuracy   Kappa    
  0.001    1  0.7463572  0.4963214
  0.001   20  0.7695085  0.5365036
  0.001   50  0.7769125  0.5495941
  0.001  100  0.7797326  0.5545702
  0.001  200  0.7814956  0.5578292
  0.001  500  0.7812203  0.5569099
  0.001  700  0.7802811  0.5548679
  0.010    1  0.7716624  0.5396840
  0.010   20  0.7775386  0.5485816
  0.010   50  0.7748365  0.5430025
  0.010  100  0.7712715  0.5357584
  0.010  200  0.7637901  0.5209045
  0.010  500  0.7546225  0.5022475
  0.010  700  0.7492561  0.4913980
  0.100    1  0.7636701  0.5193947
  0.100   20  0.7227747  0.4363653
  0.100   50  0.7123948  0.4154328
  0.100  100  0.7044422  0.3990442
  0.100  200  0.7001721  0.3900486
  0.100  500  0.6961376  0.3818972
  0.100  700  0.6963329  0.3821107
  0.500    1  0.6975470  0.3586218
  0.500   20  0.6903002  0.3479336
  0.500   50  0.6892427  0.3454790
  0.500  100  0.6897911  0.3467287
  0.500  200  0.6899477  0.3470490
  0.500  500  0.6899477  0.3470490
  0.500  700  0.6899477  0.3470490
  1.000    1  0.6473268  0.2295015
  1.000   20  0.6521046  0.2462209
  1.000   50  0.6522223  0.2464368
  1.000  100  0.6522614  0.2465143
  1.000  200  0.6522614  0.2465143
  1.000  500  0.6522614  0.2465143
  1.000  700  0.6522614  0.2465143

Accuracy was used to select the optimal model using the largest value.
The final values used for the model were sigma = 0.001 and C = 200.

