[1] "2020-05-30 13:25:23"
$shared_settings
list()

$models
list()

$model_fits
list()

attr(,"class")
[1] "model_grid"
[1] "2020-05-30 13:34:07"
$shared_settings
list()

$models
list()

$model_fits
list()

attr(,"class")
[1] "model_grid"
$GradienBoosting_3
$GradienBoosting_3$method
[1] "gbm"

$GradienBoosting_3$distribution
[1] "adaboost"

$GradienBoosting_3$tuneGrid
   interaction.depth n.trees shrinkage n.minobsinnode
1                  1     500     0.001              2
2                  2     500     0.001              2
3                  1    1000     0.001              2
4                  2    1000     0.001              2
5                  1    2000     0.001              2
6                  2    2000     0.001              2
7                  1     500     0.010              2
8                  2     500     0.010              2
9                  1    1000     0.010              2
10                 2    1000     0.010              2
11                 1    2000     0.010              2
12                 2    2000     0.010              2
13                 1     500     0.100              2
14                 2     500     0.100              2
15                 1    1000     0.100              2
16                 2    1000     0.100              2
17                 1    2000     0.100              2
18                 2    2000     0.100              2
19                 1     500     0.001              5
20                 2     500     0.001              5
21                 1    1000     0.001              5
22                 2    1000     0.001              5
23                 1    2000     0.001              5
24                 2    2000     0.001              5
25                 1     500     0.010              5
26                 2     500     0.010              5
27                 1    1000     0.010              5
28                 2    1000     0.010              5
29                 1    2000     0.010              5
30                 2    2000     0.010              5
31                 1     500     0.100              5
32                 2     500     0.100              5
33                 1    1000     0.100              5
34                 2    1000     0.100              5
35                 1    2000     0.100              5
36                 2    2000     0.100              5
37                 1     500     0.001             15
38                 2     500     0.001             15
39                 1    1000     0.001             15
40                 2    1000     0.001             15
41                 1    2000     0.001             15
42                 2    2000     0.001             15
43                 1     500     0.010             15
44                 2     500     0.010             15
45                 1    1000     0.010             15
46                 2    1000     0.010             15
47                 1    2000     0.010             15
48                 2    2000     0.010             15
49                 1     500     0.100             15
50                 2     500     0.100             15
51                 1    1000     0.100             15
52                 2    1000     0.100             15
53                 1    2000     0.100             15
54                 2    2000     0.100             15


$KNN_3
$KNN_3$method
[1] "knn"

$KNN_3$tuneGrid
   k
1  1
2  2
3  5
4 10
5 15
6 20
7 30
8 50


[1] "2020-05-30 13:43:08"
$GradienBoosting_3
Stochastic Gradient Boosting 

3191 samples
   9 predictor
   2 classes: '0', '1' 

No pre-processing
Resampling: Cross-Validated (5 fold, repeated 8 times) 
Summary of sample sizes: 2553, 2553, 2552, 2553, 2553, 2553, ... 
Resampling results across tuning parameters:

  shrinkage  interaction.depth  n.minobsinnode  n.trees  Accuracy   Kappa    
  0.001      1                   2               500     0.7097712  0.4135733
  0.001      1                   2              1000     0.7181152  0.4322519
  0.001      1                   2              2000     0.7348411  0.4614070
  0.001      1                   5               500     0.7094969  0.4127321
  0.001      1                   5              1000     0.7183108  0.4326995
  0.001      1                   5              2000     0.7348411  0.4614168
  0.001      1                  15               500     0.7103196  0.4149736
  0.001      1                  15              1000     0.7181937  0.4323522
  0.001      1                  15              2000     0.7342147  0.4601123
  0.001      2                   2               500     0.7268511  0.4302101
  0.001      2                   2              1000     0.7403639  0.4677604
  0.001      2                   2              2000     0.7507051  0.4912349
  0.001      2                   5               500     0.7266942  0.4299188
  0.001      2                   5              1000     0.7407165  0.4684953
  0.001      2                   5              2000     0.7508621  0.4915558
  0.001      2                  15               500     0.7258714  0.4281312
  0.001      2                  15              1000     0.7410688  0.4693392
  0.001      2                  15              2000     0.7510579  0.4920116
  0.010      1                   2               500     0.7536438  0.4987455
  0.010      1                   2              1000     0.7632409  0.5186205
  0.010      1                   2              2000     0.7691957  0.5305265
  0.010      1                   5               500     0.7540755  0.4995368
  0.010      1                   5              1000     0.7623002  0.5166580
  0.010      1                   5              2000     0.7693916  0.5309110
  0.010      1                  15               500     0.7536834  0.4988552
  0.010      1                  15              1000     0.7626528  0.5174907
  0.010      1                  15              2000     0.7699792  0.5320814
  0.010      2                   2               500     0.7643778  0.5204404
  0.010      2                   2              1000     0.7695096  0.5310391
  0.010      2                   2              2000     0.7729178  0.5380343
  0.010      2                   5               500     0.7635939  0.5190155
  0.010      2                   5              1000     0.7713117  0.5348366
  0.010      2                   5              2000     0.7735832  0.5393915
  0.010      2                  15               500     0.7642208  0.5201417
  0.010      2                  15              1000     0.7715465  0.5351816
  0.010      2                  15              2000     0.7742495  0.5406675
  0.100      1                   2               500     0.7713894  0.5346826
  0.100      1                   2              1000     0.7680200  0.5274630
  0.100      1                   2              2000     0.7628498  0.5167840
  0.100      1                   5               500     0.7702921  0.5325393
  0.100      1                   5              1000     0.7672365  0.5258047
  0.100      1                   5              2000     0.7620663  0.5151777
  0.100      1                  15               500     0.7716241  0.5350175
  0.100      1                  15              1000     0.7677855  0.5270363
  0.100      1                  15              2000     0.7620665  0.5150443
  0.100      2                   2               500     0.7703708  0.5329246
  0.100      2                   2              1000     0.7659064  0.5238798
  0.100      2                   2              2000     0.7614013  0.5147818
  0.100      2                   5               500     0.7675517  0.5270057
  0.100      2                   5              1000     0.7628513  0.5178061
  0.100      2                   5              2000     0.7576412  0.5070964
  0.100      2                  15               500     0.7681004  0.5282994
  0.100      2                  15              1000     0.7647714  0.5214325
  0.100      2                  15              2000     0.7587369  0.5092640

Accuracy was used to select the optimal model using the largest value.
The final values used for the model were n.trees = 2000, interaction.depth = 2, shrinkage = 0.01 and n.minobsinnode = 15.

$KNN_3
k-Nearest Neighbors 

3191 samples
   9 predictor
   2 classes: '0', '1' 

No pre-processing
Resampling: Cross-Validated (5 fold, repeated 8 times) 
Summary of sample sizes: 2553, 2553, 2552, 2553, 2553, 2553, ... 
Resampling results across tuning parameters:

  k   Accuracy   Kappa    
   1  0.6885779  0.3659885
   2  0.6900275  0.3685721
   5  0.7280248  0.4484623
  10  0.7410316  0.4753485
  15  0.7498834  0.4936818
  20  0.7512547  0.4964559
  30  0.7563477  0.5074531
  50  0.7544669  0.5039269

Accuracy was used to select the optimal model using the largest value.
The final value used for the model was k = 30.

